// NullStudy_1
// Subjects=15
62 -26 12
52 -68 0
 
// NullStudy_2
// Subjects=17
30 -88 -30
-56 -56 -26
18 24 48
2 48 0
44 14 -22
-24 -64 42
 
// NullStudy_3
// Subjects=15
-10 -84 44
36 -10 -44
30 -98 12
60 -38 14
 
// NullStudy_4
// Subjects=15
-50 -10 44
-44 30 -6
-6 -50 64
 
// NullStudy_5
// Subjects=15
12 -58 -40
2 -38 48
 
// NullStudy_6
// Subjects=20
-28 -14 16
-10 -20 36
-38 -88 14
36 -6 -6
-36 -76 6
38 34 18
-12 -28 46
24 -84 10
 
// NullStudy_7
// Subjects=15
12 -34 14
-2 -20 32
-2 -76 -6
-34 -56 -32
2 66 18
-42 -8 56
-66 -42 -4
-30 -96 2
-4 -80 -4
48 -6 -42
38 -84 0
-26 -20 -10
-8 -30 30
-58 -62 0
-28 10 -20
-24 46 -12
-22 -36 66
-14 14 16
-40 -58 -12
-22 -54 32
-50 -64 28
18 -52 12
18 56 24
14 -58 8
-42 -10 38
-36 -4 50
-42 50 8
 
// NullStudy_8
// Subjects=11
42 58 10
-32 -62 -52
-14 30 46
16 38 4
48 -80 26
58 -62 -12
-42 -44 -30
8 -82 -12
16 -64 30
-10 -94 10
 
// NullStudy_9
// Subjects=17
-10 -72 2
 
// NullStudy_10
// Subjects=20
42 -18 8
8 -50 74
24 2 12
 
// NullStudy_11
// Subjects=15
-4 62 2
24 -60 -2
56 -24 16
-34 6 -44
-14 -66 22
-4 -74 0
-36 -58 18
6 -54 66
-30 -4 24
38 -86 20
 
// NullStudy_12
// Subjects=20
-30 -40 12
10 -50 -50
 
// NullStudy_13
// Subjects=20
-20 -98 12
 
// NullStudy_14
// Subjects=11
14 -92 -10
-30 10 -6
10 40 26
0 -80 -42
-48 -16 -22
-50 -66 -14
30 -36 74
-2 -22 22
42 -62 30
30 -56 -8
 
// NullStudy_15
// Subjects=20
34 -50 56
-48 32 -6
52 -12 -10
20 18 -34
 
// NullStudy_16
// Subjects=20
2 44 14
-14 48 6
10 54 42
-2 34 -28
-58 -38 38
-24 -24 14
-20 -102 -6
4 -14 -14
46 -14 18
-14 18 4
 
// NullStudy_17
// Subjects=15
36 -32 -22
18 68 -8
16 -94 -18
22 -6 28
20 32 -16
34 -58 -24
 
// NullStudy_18
// Subjects=23
0 -62 -44
 
// NullStudy_19
// Subjects=20
-56 2 -14
-52 -38 2
18 -76 -36
32 -32 12
14 28 34
12 -16 0
-18 -78 4
-30 50 -16
-10 -88 26
-32 -80 -40
-4 32 -18
36 16 56
24 24 34
-4 -10 38
-2 -102 10
-32 -10 6
-14 -46 -12
6 -74 18
-12 -90 14
-22 56 -2
58 6 16
42 -80 24
36 -64 46
44 22 12
32 -44 -50
-20 -42 -52
42 -24 4
30 50 14
-50 -54 -22
6 -56 -56
-38 -82 -26
-32 -94 -12
20 -26 -28
2 -8 -14
-46 -64 26
-22 44 48
-24 22 -14
0 -42 22
2 -14 -10
16 -12 72
-8 -62 -38
24 32 16
52 -34 12
-40 -62 32
10 -60 -32
 
// NullStudy_20
// Subjects=11
24 -38 -12
-32 -28 -2
22 -8 -42
-24 -46 48
0 46 10
-26 -66 -44
-14 52 -20
-10 -68 -48
68 -30 -6
-66 -16 -22
-24 -42 48
-22 -62 -14
36 -64 50
-36 -22 -4
-58 8 38
-32 -32 52
-42 -52 -8
54 2 52
14 -6 50
-22 52 14
26 -18 28
6 12 54
-10 -78 -28
-34 -18 44
-68 -44 16
-26 -16 40
-50 -6 -14
 
// NullStudy_21
// Subjects=17
-44 4 -8
54 10 20
44 -66 4
-40 -68 24
-28 24 -10
16 24 36
-50 -44 -34
10 60 30
 
// NullStudy_22
// Subjects=20
-16 -14 2
-22 -58 -54
50 -22 -32
-36 12 62
-52 4 -16
26 -2 66
-32 8 44
4 -18 72
-46 -36 20
26 52 40
48 -4 -36
12 -22 -10
-34 -12 24
-38 44 14
28 56 0
26 10 2
-18 24 38
-8 -72 -32
16 56 -10
10 -32 80
-16 -44 -8
34 -90 -6
30 14 40
-12 38 12
58 -12 -16
-2 -80 -14
18 -82 -24
-58 -34 -8
32 -32 8
36 22 34
14 -66 28
16 6 6
-26 22 40
52 -68 20
4 -22 -28
44 -84 18
26 22 40
-24 38 -16
-4 42 -8
-34 -36 26
-18 -4 32
-10 -38 -30
6 -52 46
48 12 14
-14 38 42
 
// NullStudy_23
// Subjects=17
16 -58 -38
44 0 -30
22 -72 -10
-44 -18 12
28 -58 -52
-56 -12 -16
36 -16 0
-4 -16 2
6 -40 -46
-4 68 24
18 -42 -24
48 -46 -34
-14 72 0
-24 52 14
8 -68 8
-12 -86 -44
-12 -4 -4
-30 -84 -22
-56 -58 42
-46 -72 40
-38 -48 30
-14 -30 10
46 -74 8
-4 -58 22
-8 58 2
22 -4 -2
-44 -18 38
 
// NullStudy_24
// Subjects=15
32 20 -34
14 -82 -14
6 -34 -10
-28 -46 -58
-32 -82 -12
62 -8 0
-62 -38 24
52 16 -4
16 -38 50
-4 -36 42
 
// NullStudy_25
// Subjects=13
20 -16 34
-10 -60 22
 
// NullStudy_26
// Subjects=15
-6 48 -12
58 -56 -12
16 54 16
-20 34 42
18 -20 64
-42 -12 -10
 
// NullStudy_27
// Subjects=20
26 -78 -54
10 42 44
-36 62 4
 
// NullStudy_28
// Subjects=23
16 -50 12
-2 58 4
38 -84 6
24 16 60
26 -54 -38
-32 -88 8
52 -54 18
-50 -14 12
-60 -66 -6
-20 32 14
-16 -6 24
-12 -66 18
14 36 40
30 12 56
-18 -40 -36
8 20 58
32 62 -10
20 -34 -34
4 -16 32
50 6 -12
-24 -78 -52
10 -88 10
14 36 -2
18 -56 -60
-6 -22 -2
-22 -44 56
8 26 -6
 
// NullStudy_29
// Subjects=13
-10 46 28
-66 -14 16
48 -38 50
 
// NullStudy_30
// Subjects=20
-48 -2 -28
-52 -50 -32
-2 -36 -38
36 -26 72
-34 -56 -58
-6 -70 2
 
// NullStudy_31
// Subjects=23
54 -32 46
38 -58 16
-62 -34 20
36 -24 -18
-36 -14 6
42 -4 -34
-8 50 -2
-18 0 2
-26 -30 70
-14 38 40
 
// NullStudy_32
// Subjects=20
-16 -42 68
18 64 22
12 -68 0
0 -46 32
-18 48 36
58 12 32
-52 14 -2
-14 -48 46
-6 -84 14
38 2 0
 
// NullStudy_33
// Subjects=20
-46 24 4
 
// NullStudy_34
// Subjects=20
16 -2 22
12 -66 62
-42 -50 0
-60 -16 14
32 -88 10
-48 -64 6
 
// NullStudy_35
// Subjects=20
-6 -64 6
-44 -78 12
-22 -66 -30
-6 -66 14
 
// NullStudy_36
// Subjects=17
6 8 -24
 
// NullStudy_37
// Subjects=15
-16 -42 22
18 -36 -12
-4 30 -18
22 -74 -12
-20 56 -4
10 -34 42
-6 14 60
-52 -12 -8
10 -50 6
-58 -8 -4
44 -50 22
8 -42 -12
-8 -50 -42
36 -60 -12
32 -38 -44
14 -62 -20
28 -38 -2
4 -46 26
-2 4 6
-60 -10 -22
42 -68 12
-20 62 12
42 -74 0
-42 -52 0
48 -38 54
12 -68 28
22 0 70
 
// NullStudy_38
// Subjects=17
20 -72 -32
-28 32 16
36 4 52
 
// NullStudy_39
// Subjects=20
8 -62 2
-38 -8 -18
-10 72 -2
18 -14 -4
 
// NullStudy_40
// Subjects=13
36 30 -6
-2 -76 24
 
// NullStudy_41
// Subjects=20
-32 -30 46
8 8 -28
4 -84 -2
-34 -8 -34
18 -74 -40
-2 -28 64
-12 34 -22
50 -10 26
-18 -62 -28
-46 42 -18
-64 -28 24
10 50 34
-10 -22 60
-32 10 44
30 -14 12
38 -30 -10
22 16 2
-38 -78 26
8 52 -6
22 12 50
0 -46 40
-10 -56 -24
-52 -20 44
-36 56 6
-2 -2 58
10 22 20
-36 10 12
 
// NullStudy_42
// Subjects=15
6 -64 36
16 -28 48
12 6 -26
50 6 -28
-32 -30 32
-32 -52 -18
-40 6 0
-16 -86 -30
-26 -70 18
32 -34 38
-18 6 -20
-34 -62 32
-14 -28 -10
30 -40 -4
-10 -36 6
-38 -68 18
-28 -30 28
-32 8 -22
-42 6 50
30 -90 -28
40 -22 68
4 -36 -30
-2 -82 -6
4 -12 68
12 50 34
54 -42 22
-36 -78 -2
-60 12 28
-38 32 -8
14 -30 -30
8 30 32
26 -10 30
32 32 40
62 -28 -16
42 -64 -42
22 -8 60
-2 -34 34
34 -60 40
26 -54 -42
34 46 -10
18 -24 10
36 -70 -26
-12 -44 -26
-20 -70 0
30 -38 -14
 
// NullStudy_43
// Subjects=20
-20 -76 4
28 -34 30
-40 -24 46
 
// NullStudy_44
// Subjects=20
26 -34 62
-24 2 48
4 -70 46
44 -34 4
-46 42 -8
-18 44 4
30 40 16
-20 -6 -6
24 36 -18
-52 -14 -22
-54 -6 -36
6 2 -4
-28 -90 -26
36 -28 -14
32 -56 44
0 36 58
4 -2 30
0 -26 66
22 6 -42
-18 18 -8
-52 36 -12
28 -76 -26
20 -20 14
2 -28 8
36 -62 -12
-2 -24 62
2 -60 -34
-2 -72 -16
-32 -20 -14
-18 -28 2
58 -28 -2
-32 -32 -12
18 12 -4
30 -56 -58
-22 -20 -24
-16 -54 -22
48 -26 40
-30 -52 54
50 -8 0
-48 -40 54
10 -46 -28
-26 54 10
16 -24 16
-22 34 52
26 -44 44
 
// NullStudy_45
// Subjects=20
50 -44 -16
-32 42 16
56 34 14
-18 -2 14
 
// NullStudy_46
// Subjects=13
10 -52 -34
36 -78 0
12 -66 40
-26 -74 6
 
// NullStudy_47
// Subjects=17
50 -76 -8
20 44 26
18 20 -14
46 30 -4
-6 26 -24
42 34 28
36 34 -4
28 -90 12
34 -82 -12
8 -28 22
 
// NullStudy_48
// Subjects=15
56 -2 -12
44 -42 -32
64 -18 38
-38 -8 36
58 -42 22
-22 -2 -48
18 -82 34
-38 -36 -26
 
// NullStudy_49
// Subjects=20
-10 40 44
48 -62 -52
2 -68 -42
-34 -78 10
12 -22 48
-62 -6 32
-16 -72 50
46 4 36
36 -26 0
0 22 44
 
// NullStudy_50
// Subjects=20
-60 -46 -22
-20 -40 -56
30 -14 4
 
// NullStudy_51
// Subjects=11
46 34 -18
10 -48 -4
30 18 -28
-24 -12 8
24 -12 36
0 24 40
24 30 28
 
// NullStudy_52
// Subjects=15
20 2 -10
 
// NullStudy_53
// Subjects=23
2 38 38
34 -64 30
4 60 24
-2 34 38
30 -8 30
-6 70 4
46 -72 -16
40 -90 -12
-50 26 10
4 -40 10
 
// NullStudy_54
// Subjects=13
8 -46 22
-14 -14 46
-4 -58 46
22 -12 48
6 -98 -4
-18 48 40
-60 -40 6
32 18 58
8 56 18
0 0 40
-44 -62 -12
2 18 4
56 -40 52
-34 8 -16
-12 -70 8
-30 -12 68
-10 -62 56
16 -14 14
-24 4 -42
46 -8 10
12 2 34
14 -34 2
52 10 -28
40 0 -22
-20 42 6
66 -16 2
36 -68 36
14 16 50
36 -14 0
-26 44 6
-4 -46 4
48 -48 56
14 -18 18
36 -74 -10
4 -34 -30
12 -60 56
34 -68 -8
32 12 -32
-62 -18 -2
-62 -24 0
-4 -56 38
32 24 22
-30 -36 40
-12 32 48
-62 -10 28
 
// NullStudy_55
// Subjects=17
50 0 4
-38 -48 46
2 -14 24
-50 22 -12
 
// NullStudy_56
// Subjects=20
-38 12 14
-60 -34 46
44 40 -20
 
// NullStudy_57
// Subjects=20
-28 -78 52
-8 -76 40
12 -36 -30
-62 -28 -2
 
// NullStudy_58
// Subjects=13
44 -34 34
38 -30 64
-54 -60 16
28 34 36
-8 -22 6
-16 -76 -42
 
// NullStudy_59
// Subjects=20
-18 32 56
32 -60 -18
42 2 -34
 
// NullStudy_60
// Subjects=11
-12 -50 60
-26 12 8
-34 -54 -40
-20 -2 -46
28 2 20
-38 -10 66
 
// NullStudy_61
// Subjects=17
42 6 12
-32 6 -4
-20 -40 38
 
// NullStudy_62
// Subjects=20
40 -8 4
-6 -48 8
-34 -44 -16
50 12 20
28 -48 16
-42 -10 -38
0 -76 -36
 
// NullStudy_63
// Subjects=15
8 -48 8
-12 -54 -42
-18 62 30
 
// NullStudy_64
// Subjects=20
-32 36 12
24 -70 20
-10 -54 36
 
// NullStudy_65
// Subjects=17
4 56 6
42 -52 60
36 -56 -36
44 -36 36
64 8 6
-34 14 54
-14 24 -4
30 6 18
24 -50 -50
0 -58 -2
46 28 32
-54 -26 54
32 -78 26
8 -90 -10
-16 12 10
8 32 44
38 -52 8
-2 48 6
36 -30 50
-2 -50 56
-52 -8 32
54 -74 2
-44 -46 -12
38 -46 12
-52 0 10
-4 6 24
16 -58 56
-34 -12 -30
14 -64 20
-2 -98 12
4 -16 14
-32 -28 2
26 -44 -56
-8 -56 -52
-32 -70 -58
12 -48 -40
-24 -24 54
22 -72 46
34 -42 -2
0 -98 4
24 -20 34
12 34 6
-22 -90 -6
-52 -72 -14
-6 48 10
 
// NullStudy_66
// Subjects=20
-44 -58 -44
24 -2 -6
 
// NullStudy_67
// Subjects=15
22 -72 -24
-16 -22 20
-22 -100 -2
-32 -50 -16
52 -4 -10
-18 -8 10
42 -28 12
 
// NullStudy_68
// Subjects=20
30 -86 -34
 
// NullStudy_69
// Subjects=15
16 -52 48
-4 -36 -24
-18 -2 -18
 
// NullStudy_70
// Subjects=20
-20 -88 14
 
// NullStudy_71
// Subjects=13
-48 -46 -2
 
// NullStudy_72
// Subjects=20
48 48 -2
2 -60 42
38 -34 26
34 -10 20
2 -82 16
50 24 40
 
// NullStudy_73
// Subjects=20
2 36 34
54 -40 10
-30 -14 48
62 -16 4
18 -44 22
18 -22 38
-26 -88 18
 
// NullStudy_74
// Subjects=15
70 -28 -4
 
// NullStudy_75
// Subjects=15
-16 -32 -4
-16 -66 64
14 -54 -20
 
// NullStudy_76
// Subjects=15
-40 -64 22
50 -8 -32
6 -80 40
-14 58 -4
-44 -20 -20
-20 -88 -36
4 30 -20
26 32 -16
 
// NullStudy_77
// Subjects=20
-38 -14 -22
62 -4 2
18 -88 12
 
// NullStudy_78
// Subjects=20
-40 -20 12
30 -84 -12
-6 -46 -22
-28 18 10
-28 44 38
-44 -84 22
-14 -38 10
 
// NullStudy_79
// Subjects=17
-18 -30 -14
-48 2 4
-24 -60 -2
-36 -8 40
0 -62 -40
2 10 50
-46 6 44
30 10 -10
 
// NullStudy_80
// Subjects=20
-56 -28 -6
-32 -70 54
-40 -30 52
-60 -58 -18
 
// NullStudy_81
// Subjects=15
-28 -24 40
-26 -34 -28
-64 -52 28
 
// NullStudy_82
// Subjects=15
20 62 28
-8 -26 34
 
// NullStudy_83
// Subjects=20
10 -64 -12
 
// NullStudy_84
// Subjects=15
40 -16 48
8 -54 52
 
// NullStudy_85
// Subjects=17
-40 -52 -58
-32 -74 -54
-22 -60 38
28 -26 42
 
// NullStudy_86
// Subjects=20
36 -66 -26
-46 -66 -28
-18 -38 -46
-40 4 50
22 30 -24
-12 -40 4
 
// NullStudy_87
// Subjects=20
-4 -50 -52
64 -32 40
4 -62 30
-28 -64 -56
48 26 -2
-12 8 56
-34 40 22
30 -40 66
-38 -6 20
6 58 20
12 -12 -16
6 -52 30
18 -48 -10
-22 -50 -8
0 -56 -34
-34 18 12
16 64 -14
-44 4 -42
58 -44 24
-14 -36 62
24 -52 30
56 -6 26
38 56 8
-18 -22 -6
4 -32 58
-38 34 42
-28 -48 -58
 
// NullStudy_88
// Subjects=13
26 -8 2
10 62 -18
18 48 24
28 -60 -48
16 -10 22
64 -6 38
4 26 -28
-40 50 -16
12 -6 26
32 16 -36
 
// NullStudy_89
// Subjects=20
10 -24 40
2 -34 22
24 30 54
0 46 -16
 
// NullStudy_90
// Subjects=20
6 -82 34
-36 -24 28
-24 4 -34
 
// NullStudy_91
// Subjects=20
-36 16 6
54 22 20
 
// NullStudy_92
// Subjects=20
-48 -48 48
-50 22 8
18 -52 40
50 -18 4
 
// NullStudy_93
// Subjects=15
42 -64 42
-36 16 0
-2 -24 -20
-2 -52 50
40 -26 24
-2 -46 58
-10 -18 58
-14 -16 38
 
// NullStudy_94
// Subjects=17
-18 12 42
8 56 36
-2 -42 -38
 
// NullStudy_95
// Subjects=13
14 -86 -40
 
// NullStudy_96
// Subjects=20
-8 -70 18
44 -68 -48
-14 -68 22
-24 -28 38
18 -46 -6
24 -58 40
 
// NullStudy_97
// Subjects=11
58 -54 24
40 36 40
56 -20 -34
14 -24 -10
-26 34 -2
32 -76 0
34 14 -14
28 22 48
26 -44 -18
36 10 2
 
// NullStudy_98
// Subjects=15
-12 -32 32
-42 10 46
-44 12 10
 
// NullStudy_99
// Subjects=17
8 -60 -38
22 -92 -10
 
// NullStudy_100
// Subjects=20
4 -44 -40
-40 8 30
-24 -4 -34
14 -58 70
-26 38 36
-54 -40 -24
 
// NullStudy_101
// Subjects=20
26 -26 32
-30 -58 28
-24 -68 62
-54 -20 -14
4 -14 34
-2 42 -32
-2 -44 42
8 -88 0
26 14 -4
44 -6 60
-44 -28 18
18 -64 54
-16 -84 34
-48 -50 -4
-8 -76 26
54 32 -8
62 4 -2
30 -76 40
-2 -66 -36
-4 -30 -54
-24 -74 58
-8 64 0
18 44 -4
26 -86 -40
-38 -52 -38
0 -22 -22
-10 -82 52
-24 -38 52
12 -64 -32
6 -62 -16
-8 40 30
62 -48 -16
30 -10 58
28 42 -16
16 48 -14
-34 20 46
-54 -16 28
8 -34 50
20 44 4
24 -86 -40
24 10 -48
-30 2 28
-8 -28 -12
44 -74 36
44 20 -22
 
// NullStudy_102
// Subjects=20
-10 58 16
20 -32 28
30 -54 30
60 -30 20
10 -70 42
-36 -76 -4
54 -64 32
-4 -26 16
-28 -50 -14
-12 -60 -34
 
// NullStudy_103
// Subjects=15
22 -26 4
50 -50 -26
 
// NullStudy_104
// Subjects=15
-10 -32 42
-40 0 2
26 -52 -58
-18 -58 30
-12 -38 48
-12 46 6
32 -88 32
36 -6 40
-44 -12 8
-64 -56 4
4 64 -4
-34 -28 18
-10 16 62
-54 -52 52
-34 -68 8
-14 30 10
40 -28 -24
-10 -40 62
4 64 -8
-22 -82 -6
-14 28 38
-32 -70 -28
-14 -42 70
-20 -44 -36
-10 48 42
-36 -20 46
32 -84 18
-18 2 44
46 18 52
20 -52 -36
-58 16 24
-20 2 -16
20 42 52
-62 -54 -14
-38 -38 50
-44 -52 32
52 0 -2
-20 -90 28
36 52 22
6 -44 58
0 -14 28
40 -66 8
18 64 14
-28 16 -38
0 44 -2
 
// NullStudy_105
// Subjects=23
-22 66 -4
36 26 -20
-2 -16 -6
38 -4 52
-20 52 -14
2 20 64
-52 40 -8
-14 -66 -32
-4 -44 -46
-50 -48 50
-42 -10 30
-20 -80 2
0 -94 -12
-40 0 -10
48 -18 34
8 -8 52
10 -42 -8
20 -48 -32
-40 44 18
18 70 -6
-44 -4 16
-10 56 -18
-24 2 62
-40 46 20
2 60 20
-38 62 -8
18 6 18
-50 -24 -30
66 -42 -8
38 26 -4
-8 -72 6
-28 -4 -32
-44 30 24
-38 -10 -42
-46 -2 42
10 12 12
32 36 -14
-32 -4 -42
62 -30 38
42 -74 38
-34 16 -40
58 16 22
-38 -82 20
10 -84 -12
6 -46 -22
 
// NullStudy_106
// Subjects=13
-18 -32 -20
2 26 64
-16 -28 58
56 28 20
54 -72 -12
-32 40 6
28 26 0
24 -46 54
 
// NullStudy_107
// Subjects=15
12 -12 -4
-48 -76 0
28 40 -14
-14 -50 18
-2 -58 16
0 56 26
-8 -46 -18
18 54 -16
 
// NullStudy_108
// Subjects=15
44 22 8
 
// NullStudy_109
// Subjects=51
18 16 0
 
// NullStudy_110
// Subjects=15
-8 -100 -14
-2 -26 -42
26 30 -2
50 -26 -12
64 -24 -22
-8 -76 0
-18 44 6
-6 -42 -52
-38 -2 36
40 -10 56
4 -26 -20
36 -24 -30
-22 -62 52
-2 46 -28
36 -48 64
-50 -2 -26
-14 -52 70
-54 -20 56
-58 -38 -14
-52 -52 -44
-6 38 -20
-38 -38 16
-16 -62 -32
-50 -36 32
26 -12 64
6 10 66
34 -22 -12
46 -46 10
-10 -56 -64
-20 54 34
-28 -52 -10
-6 -36 4
34 -10 -34
-28 -72 -58
32 58 26
-2 26 54
2 -82 -10
-24 34 -6
22 -2 54
32 -54 52
0 16 60
-28 56 28
0 14 46
-12 -72 46
0 -40 -40
 
// NullStudy_111
// Subjects=15
-34 -42 66
56 -34 26
-36 -32 38
-28 -40 48
-22 -36 56
16 -60 8
-56 -42 46
-14 2 36
 
// NullStudy_112
// Subjects=11
34 -70 -40
-20 -74 -38
-48 2 8
-22 -64 -54
 
// NullStudy_113
// Subjects=15
-12 -52 0
-8 -52 6
6 -2 -8
 
// NullStudy_114
// Subjects=20
10 6 58
54 -12 42
-58 -64 12
-36 -10 6
42 -36 16
18 -34 -10
36 40 -14
16 -82 -4
48 -70 -38
34 64 4
-30 12 -46
58 -28 6
-10 -64 -30
-26 -4 40
-48 -64 52
-26 -84 -26
-14 -50 24
52 -38 22
64 -8 26
60 -46 48
-36 12 48
36 -66 -26
26 -64 -54
-28 -38 -28
4 -8 46
-10 -42 -62
-22 34 -22
 
// NullStudy_115
// Subjects=20
-30 -62 -58
28 6 8
38 -92 -2
-44 10 30
-50 -46 -48
-6 38 26
-50 -80 18
-20 10 36
-42 -66 -56
20 46 -12
34 -26 32
48 -42 4
-16 -72 -28
-32 60 20
-24 -68 34
-8 -56 -30
-14 38 0
-52 -74 4
18 50 42
60 -4 -30
38 -20 26
-40 -54 -14
-64 -36 40
-4 26 26
-62 -22 32
42 -50 -12
18 -80 16
64 -22 -26
20 -66 14
-26 -4 18
-46 14 -38
-42 -16 40
40 -4 12
56 -20 34
-50 -6 -24
44 -60 54
-34 -16 66
4 30 60
-26 -44 -34
-40 30 -4
-18 -6 10
26 -10 18
-28 30 46
32 -68 30
-48 -42 42
 
// NullStudy_116
// Subjects=17
-10 -88 2
0 -50 -2
 
// NullStudy_117
// Subjects=20
52 -12 -26
6 8 40
-44 -48 -26
42 -76 -20
34 56 -4
12 20 -26
 
// NullStudy_118
// Subjects=20
-48 -2 30
12 -14 -6
22 -38 -28
-40 18 56
 
// NullStudy_119
// Subjects=13
-26 -4 18
-14 -86 -8
-36 -28 -24
38 -82 -8
24 -36 -18
8 26 -8
-40 -76 -42
 
// NullStudy_120
// Subjects=15
-38 -56 32
 
// NullStudy_121
// Subjects=11
48 -18 0
28 10 -2
44 -50 -42
-36 10 -24
 
// NullStudy_122
// Subjects=20
14 -70 40
-8 -38 30
52 -24 18
12 -64 60
-18 -46 68
26 30 52
 
// NullStudy_123
// Subjects=20
16 -76 -14
32 42 -18
-36 -40 56
 
// NullStudy_124
// Subjects=23
4 -28 72
-22 -88 -40
24 -82 8
-12 8 74
 
// NullStudy_125
// Subjects=11
-28 38 4
60 -26 30
32 -36 60
-50 -76 34
-40 12 -22
10 -18 8
-54 -10 36
-4 -72 60
 
// NullStudy_126
// Subjects=20
-20 -42 6
22 52 38
 
// NullStudy_127
// Subjects=15
0 -84 -30
-22 -58 24
-26 24 10
 
// NullStudy_128
// Subjects=20
-20 -36 -6
22 -12 -20
58 -30 18
 
// NullStudy_129
// Subjects=17
-6 -24 -38
28 14 44
 
// NullStudy_130
// Subjects=20
34 2 -6
22 -18 50
 
// NullStudy_131
// Subjects=23
14 54 8
38 -86 8
28 -86 34
18 26 2
-34 -22 -34
24 -50 -40
 
// NullStudy_132
// Subjects=20
22 -78 -8
-6 -6 72
-34 6 -22
-48 28 20
-6 4 30
26 -66 8
-18 52 26
4 8 72
 
// NullStudy_133
// Subjects=17
-64 -28 34
32 28 48
 
// NullStudy_134
// Subjects=13
-28 -62 -58
-26 -28 16
24 -44 18
-4 -74 12
 
// NullStudy_135
// Subjects=20
-58 12 12
36 -38 -10
-30 6 58
24 -12 44
-46 -2 -38
-30 32 16
4 -48 -38
34 56 -2
14 44 -14
50 14 -22
2 16 38
-8 30 -8
26 20 16
46 -56 -20
48 -18 20
-20 -20 30
-22 50 6
-14 48 28
38 40 4
-12 -80 28
-34 -52 -2
-52 -10 -24
66 -32 36
22 28 18
26 -38 -46
24 16 -4
56 12 4
 
// NullStudy_136
// Subjects=20
-62 -4 -2
 
// NullStudy_137
// Subjects=20
-28 52 10
34 -46 -2
 
// NullStudy_138
// Subjects=17
-32 -76 36
54 -50 28
36 -4 62
48 -66 0
60 -48 -14
-34 -72 -10
16 -32 -32
42 -4 62
-58 2 36
-8 0 -30
10 -62 -8
34 10 -20
34 -2 54
-32 8 44
40 -72 -14
6 34 34
-4 -34 38
-14 -46 0
8 -64 14
44 -32 -8
-36 14 12
-16 -2 2
2 -18 44
30 -52 -60
24 28 -8
18 -40 54
-24 -42 34
-64 -26 -6
36 -96 4
12 14 50
40 24 8
-38 -32 18
-2 36 -20
62 -56 10
24 -48 14
-18 -24 58
42 -82 -12
-28 -66 -20
-34 -76 0
-4 -4 4
-30 -42 -38
-20 -24 50
-12 -30 66
-22 -44 46
-30 -20 14
 
// NullStudy_139
// Subjects=15
-30 2 -46
-8 -46 -16
8 -36 -38
-64 2 20
32 32 42
20 -48 -30
-18 -86 -16
-10 -44 -50
36 8 -12
46 -46 -18
 
// NullStudy_140
// Subjects=23
4 -54 20
-62 -8 -20
 
// NullStudy_141
// Subjects=20
52 -46 -6
10 -20 -16
-2 22 60
-12 -48 46
 
// NullStudy_142
// Subjects=20
-58 -50 -22
18 -72 -6
14 26 20
6 -44 -66
-8 -88 38
-24 -40 30
 
// NullStudy_143
// Subjects=20
-30 -6 36
12 42 32
54 -46 -22
-48 -70 -30
 
// NullStudy_144
// Subjects=20
-14 -100 22
-24 -42 -48
52 16 -28
34 -70 -8
34 -42 24
-60 8 0
-24 -94 14
 
// NullStudy_145
// Subjects=15
-24 -6 -22
24 58 30
-48 -54 54
 
// NullStudy_146
// Subjects=15
-52 -36 -26
40 -18 28
-22 18 -36
38 42 -4
46 -44 -24
40 -78 4
-18 -90 -22
24 -96 8
4 -64 -10
36 -28 -26
-6 -72 6
-30 -78 -34
6 -20 -24
36 -74 -54
48 -42 -6
-18 -20 22
-40 0 2
-34 -30 2
-16 -74 52
-12 -42 -28
-56 -14 22
58 -64 -20
48 34 16
18 -50 48
-36 54 -16
8 36 0
-12 10 56
20 -16 48
-2 26 6
34 -52 -54
8 -22 -12
10 -30 22
6 -68 -6
-48 -28 20
2 -60 -58
-6 60 28
-12 20 28
16 44 32
44 -66 -28
-26 -86 38
-36 -26 30
14 -70 12
20 6 32
-52 -46 44
-18 -26 62
 
// NullStudy_147
// Subjects=13
8 16 62
24 46 18
-10 -100 -10
42 -90 -2
26 -84 46
-10 16 56
30 -78 30
-52 -48 40
-10 -20 30
-20 -16 -34
2 -52 -60
42 -48 64
12 22 30
-28 6 22
-14 46 -10
6 -54 58
-6 -98 22
6 -88 -32
-32 32 -12
-32 -18 56
28 -98 -2
4 20 -4
-20 30 48
26 -70 48
-22 2 -38
46 -30 48
-54 -42 -6
16 58 8
20 -52 -34
-12 -28 14
48 -64 -34
20 -26 38
26 6 -46
40 -2 48
10 0 -32
-50 -52 -34
-24 60 20
30 -34 18
24 -90 -16
-20 -8 -34
22 -74 16
-8 30 12
40 -58 -14
-36 32 18
-50 -42 26
 
// NullStudy_148
// Subjects=11
-14 38 18
12 -32 36
28 18 58
-50 -10 40
38 -74 -26
-56 -58 24
 
// NullStudy_149
// Subjects=20
-22 -40 -48
-4 -40 -68
62 18 10
10 34 40
-2 22 30
-4 -20 22
-24 40 -10
-28 -78 -32
22 28 12
28 -28 48
14 -36 52
-22 -46 42
-46 -6 -28
-42 -72 18
-36 -30 -28
8 62 30
-52 -70 20
-24 20 48
-32 -6 8
-34 18 38
36 -54 48
-16 -86 22
50 -6 -40
20 -34 24
-36 46 22
-22 -56 -54
-40 -18 56
 
// NullStudy_150
// Subjects=17
-48 -22 42
-28 38 -12
46 -52 48
-12 -58 58
-22 -4 48
-48 40 -12
-2 -14 12
-22 38 38
24 0 62
-2 -40 72
-32 -66 28
36 -74 28
10 -6 66
-30 44 -8
-38 26 36
-18 -98 -16
2 26 -22
54 -18 16
-12 -30 -34
-10 -62 -22
-42 10 44
24 0 32
-42 -46 58
12 28 30
-32 -44 -42
-36 52 -2
26 8 -4
52 -32 -8
-34 0 -42
-48 -66 8
-42 12 18
-8 64 4
-16 -56 -4
4 18 16
18 -46 -10
4 -36 4
-48 -58 -52
12 -12 28
14 -58 64
-60 -16 16
30 10 -22
4 -54 38
2 50 12
-24 20 44
46 -68 -6
 
// NullStudy_151
// Subjects=20
36 -66 -54
12 -34 -22
46 8 16
 
// NullStudy_152
// Subjects=17
2 -38 -46
-52 -24 16
-58 -46 2
-56 6 34
-28 -64 34
-10 -36 36
2 -8 70
 
// NullStudy_153
// Subjects=15
-42 14 30
16 18 -26
32 14 -2
 
// NullStudy_154
// Subjects=17
36 -20 24
10 -90 24
28 -44 60
22 -90 10
 
// NullStudy_155
// Subjects=20
34 -46 -48
10 14 36
 
// NullStudy_156
// Subjects=15
-46 24 46
40 -66 48
-46 -78 18
 
// NullStudy_157
// Subjects=15
0 14 44
-46 -62 -16
6 66 22
-40 52 -12
-12 4 -30
20 -34 -22
10 -24 4
 
// NullStudy_158
// Subjects=17
42 -6 -34
20 -62 -16
-10 -46 -48
 
// NullStudy_159
// Subjects=11
10 -26 -10
-50 4 32
22 4 6
6 38 20
-8 0 48
-6 -90 14
-12 -2 72
-14 -2 -6
 
// NullStudy_160
// Subjects=15
-10 -6 -14
-40 -46 -18
46 -64 50
14 0 -14
 
